ID,Adoption,Return_to_owner,Transfer,Euthanasia,Died
422,1.3333333333333334E-4,9.121212121212121E-4,0.9921457282812165,0.004564300578812478,0.002244516594516594
1958,0.4860067731638086,0.17482246874809446,0.27798864025915754,0.060318886436675746,8.632313922636501E-4
3494,0.5153017403115883,0.15037030512651883,0.3066616863674941,0.02275435820895946,0.004911909985439395
5030,0.2779209818197957,0.3551370827470804,0.22808166657120665,0.13324752003523668,0.005612748826680714
6566,0.23735200224384687,0.12061402848887877,0.5515111905687248,0.08189096070910273,0.00863181798944688
8102,0.324052246690866,0.27639419898761697,0.27725809662496637,0.11876229152062136,0.0035331661759293313
9638,0.06752258673558982,0.11965012255546324,0.6449538873750946,0.13838473764797316,0.029488665685879295
11174,0.0010099123640587052,0,0.9567633798751571,0.037767805250334296,0.004458902510449931
1255,0.45581649203924174,0.12753817077487362,0.4003203892322217,0.014960045054704484,0.0013649028989586257
2791,0.8466766958224616,0.1027442762114422,0.037436281854278934,0.011222919271990492,0.0019198268398268419
4327,0.41097402806253325,0.13067421781012847,0.27166080056867703,0.151547828339275,0.035143125219386194
5863,0.05599665567490642,0.24222588903885478,0.5330926821292105,0.15400594075791738,0.014678832399111037
7399,0.31934967297862776,0.3375260659253512,0.26668815299227383,0.07221255899204013,0.004223549111707007
8935,1.666666666666666E-4,0.001367207792207792,0.980057363254802,0.01653719585961994,0.001871566426703656
10471,0.009498788835116073,0.019875393234092254,0.44841593966273907,0.42658280754640177,0.09562707072165093
552,0.46078478424538755,0.2061441872305307,0.22695546730175606,0.10586556122232581,2.499999999999999E-4
2088,0.7843309989206461,0.13937524797806117,0.06611783860633796,0.00967591449495473,4.999999999999994E-4
3624,0.05278953397128746,0.28330067889974025,0.46438056135653766,0.18556680954229393,0.013962416230140681
5160,0.6243675746877179,0.12985674791143,0.22557462022074568,0.01805433168338096,0.0021467254967254966
6696,0.27750162138365436,0.35902658732627113,0.300623609360778,0.059395026759732586,0.0034531551695638355
8232,0.6552683329914603,0.043579696559030906,0.26697484746069855,0.021726773759436296,0.012450349229373993
9768,0.34666664430390703,0.35843098214797775,0.2002834325496125,0.09143663205357781,0.0031823089449250423
11304,0.9766266003096832,0.008992038140959542,0.011582667992787081,0.002498693556570268,2.9999999999999987E-4
1381,0.5674954677590922,0.1537047720701435,0.22555732462811337,0.048585456333349694,0.0046569792093011896
2917,0.06433808760467989,0.043795636259892134,0.5643933332092125,0.31169919308142563,0.01577374984478978
4453,0.36841911517359704,0.2383083837778637,0.2618844737473729,0.12084049559609666,0.010547531705069724
5989,0.406894347323678,0.2977844257693366,0.1944031980279509,0.09654989301592952,0.004368135863104899
7525,0.050687051534636623,0.14047598448163454,0.6790223092102107,0.12050671018972207,0.00930794458379597
9061,0.07243618305953362,0.06879271074753367,0.6556473756016635,0.18781565251535903,0.015308078075910213
10597,0.009945296510995915,0.005734058540648309,0.7688930406376917,0.2072181999111447,0.008209404399519329
682,0.47285026698768967,0.37931368493810097,0.08918759132089998,0.058648456753309305,0.0
2218,9.999999999999999E-5,0.0012659902439346382,0.8987938795461212,0.06988679624384281,0.029953333966101323
3754,0.3263165688712455,0.15706503202609962,0.35876080761949064,0.14941780308958327,0.008439788393580956
5290,6.968641114982576E-6,8.928571428571426E-6,0.9667705144057729,0.02499156650436556,0.00822202187731801
6826,0.9871040595841221,0.004624678511736716,0.0032992108144029243,0.004590591956912654,3.8145913282547675E-4
8362,0.6257853895472142,0.08953284321694696,0.27239689168859177,0.011610633123004593,6.742424242424237E-4
9898,0.5130379764329387,0.13818669463192634,0.33055165692431127,0.014934883348505635,0.003288788662318074
11434,0.20181115078328385,0.019244609794774537,0.5844159556293688,0.1388201534223003,0.055708130370272606
1515,0.3555383524662472,0.3004218978063559,0.28292340203655997,0.05889723598554867,0.0022191117052881753
3051,0.30086203090089153,0.43752930155777037,0.23159790167484476,0.028425442039993105,0.0015853238265002966
4587,0.21563117591922526,0.0826221825590405,0.6414957153632694,0.054494491339413906,0.005756434819050917
6123,1.2782594603354672E-5,3.5244360902255634E-5,0.9677916022889509,0.023499056963727654,0.008661313791815839
7659,0.3051062502271959,0.13124510171454948,0.42055093683898837,0.13100180607229014,0.012095905146976225
9195,4.002159891117818E-4,0,0.9759039375704915,0.02264961566391274,0.0010462307764839373
10731,0.4213696966382376,0.24411048852887549,0.28239841350770656,0.04783039601126493,0.004291005313915529
812,0.34024872517195986,0.32075889297963667,0.23055142878002735,0.09849557920419412,0.009945373864181904
2348,0.005465739839494234,0.01237454475909516,0.890837048672075,0.06659982194961722,0.02472284477971817
3884,0.25066963699455946,0.11221789442288191,0.41041541082819794,0.2226463861398971,0.004050671614463532
5420,0.8307026217561324,0.07026447656724005,0.0846077241709547,0.013322399727895073,0.0011027777777777772
6956,7.80284043441938E-4,7.880036630036629E-4,0.9478432125301536,0.03671198955738031,0.013876510206020525
8492,0.43265442168919765,0.22908462368497026,0.2844702554990513,0.051771061574790195,0.002019637551990493
10028,0.4031021649658226,0.3733230335337728,0.15344451950112892,0.06584710798374883,0.004283174015526958
105,0.31715533942738966,0.18195814759019363,0.41574699235088525,0.0760380084955766,0.009101512135954849
1641,0.8050634679261263,0.11555197711767988,0.06916957120069919,0.009899832240343071,3.15151515151515E-4
3177,0.1907752485557764,0.10014581803072528,0.40877283137455594,0.2847495390771938,0.015556562961748708
4713,0.018360007287174476,0.0672316061815423,0.6978386383866352,0.1943169946090167,0.02225275353563145
6249,0.751754527800746,0.023704714942236388,0.21266857388197058,0.011451670554534327,4.205128205128204E-4
7785,0.5804246242436857,0.2900752608587465,0.09606732674488797,0.032787333607225244,6.454545454545456E-4
9321,0.5244267406923928,0.2938472449044849,0.14502922208990163,0.036042679759108166,6.541125541125539E-4
10857,0.2559383215269492,0.018880121919855514,0.4986751625253783,0.1597019355202496,0.06680445850756742
942,0.24147080718112846,0.13567783962526622,0.45508379790254105,0.1604507918130791,0.007316763477985061
2478,0.009881338110793366,0.0015943572210328555,0.6101937620226401,0.3440692681136391,0.03426127453189461
4014,0.38869437117070993,0.12740137583322744,0.4396699433737964,0.03910842460257316,0.005125885019693066
5550,0.7083730901358107,0.163323273298918,0.11272575720349114,0.014456826730201334,0.001121052631578947
7086,0.7290088710653527,0.14520050944030632,0.10546397675283752,0.017225287079621444,0.0031013556618819794
8622,0.03513431947234949,0.00435222324678394,0.8707613639135175,0.033363613637827104,0.05638847972952177
10158,0.34745877620046905,0.17199221196075137,0.4230395535898311,0.0505725788460641,0.006936879402884246
239,0.6967637708856507,0.25157820929275365,0.04530498592738531,0.006353033894210368,0.0
1775,0.9741520314572721,0.009266312371141424,0.013046155561085753,0.0029530830280830285,5.824175824175825E-4
3311,0.6935017785118236,0.029151070264444877,0.2718727553908063,0.004985255561432037,4.891402714932131E-4
4847,0.0680931336551305,0.21301332577727075,0.5116330322324358,0.19917864883759137,0.008081859497571566
6383,0.019954309375086007,0.022761542791008824,0.8177880740218011,0.11872752688775222,0.020768546924351865
7919,0.3660340587148341,0.22807023320129763,0.2207164416159021,0.16187823973412221,0.023301026733844075
9455,0.4963011536616792,0.29730618215173893,0.15858133763813598,0.04627201030912967,0.0015393162393162385
10991,0.33485704494220225,0.21001020694675746,0.38518659944724765,0.06468964058676023,0.005256508077032368
1072,0.2013468054683253,0.03703129575103259,0.4403195121420125,0.2529001657813326,0.06840222085729718
2608,0.45783316825940423,0.36361968480456486,0.12568014812685785,0.051252644742187374,0.0016143540669856446
4144,0.4339153302225921,0.32860910383636166,0.14919337019624357,0.07382862250298444,0.01445357324181813
5680,0.6595225862316889,0.214927525833748,0.11107719984693674,0.013733127648065717,7.395604395604389E-4
7216,0.01052573932670581,0.00616679304527602,0.628746461862884,0.3372719328750565,0.01728907289007777
8752,0.4690525108768477,0.1729744335941052,0.3249686107825611,0.02989336898014713,0.0031110757663389233
10288,0.08217604070575334,0.012927992979261652,0.45693564824227983,0.3002868120736863,0.14767350599901885
365,0.21568571182101479,0.11247903114439377,0.518168691515332,0.1394977882175381,0.01416877730172156
1901,0.09244192559246703,0.018455578418994957,0.6122081156110224,0.2174474544718748,0.05944692590564085
3437,0.2513319074719869,0.2867110016477292,0.35024986371408157,0.10549249181854181,0.006214735347660369
4973,0.5352798617201848,0.020451601486503927,0.3883147445465297,0.044950553890262215,0.011003238356519411
6509,0.20493582434077792,0.11544651959667439,0.561919467534347,0.10246830569672742,0.015229882831473253
8045,0,0.018300214068884733,0.9646330515060269,0.010491553218726817,0.0065751812063615505
9581,0.45070200329325344,0.22193969157476337,0.2643452880294577,0.058905838170346544,0.004107178932178933
11117,0.4322892350137686,0.3546881900954123,0.15056586330784782,0.06133332222722898,0.0011233893557422961
1186,0.005379280952965163,0.025307279741242583,0.8826843728150074,0.06347629946077309,0.0231527670300116
2722,0.5667216528031576,0.3022573537284048,0.11082093011029447,0.019779648685096924,4.204146730462519E-4
4258,0.8709516305019523,0.0056273366580473876,0.11505162582615595,0.007395922165359506,9.734848484848483E-4
5794,0.11618903242403053,0.26172781964643993,0.3388574964489966,0.25826428961742187,0.024961361863111084
7330,0.27840796378372235,0.4733929591004708,0.20865668952919328,0.037414243800575044,0.002128143786038522
8866,0.2252399979890289,0.41259436744549455,0.22735109942696366,0.12592146108150692,0.008893074057005946
10402,0.3845411745573138,0.25568640227025047,0.28711580890096416,0.07178337756964423,8.732367018273597E-4
483,0.42120713567523105,0.40454035195223087,0.13217569460138587,0.03887755274309449,0.0031992650280575964
2019,0.3559340742154453,0.22204576843237223,0.32064812852998537,0.08523530941844977,0.016136719403747248
3555,0.0011666401865008137,0.0016083171730230555,0.9599408882797413,0.03389255042595042,0.003391603934784505
5091,0,2.105263157894736E-4,0.9414609457748743,0.05443715029337747,0.00389137761595876
6627,0.026637714704665166,0.006179377227519644,0.8937187964621477,0.02110453253734445,0.05235957906832301
8163,0.505703358423473,0.2133515583804075,0.2464897553825019,0.033747286877945044,7.080409356725145E-4
9699,0.03338891142098501,0.25545403390722016,0.37286410414500926,0.33314819303969073,0.005144757487094944
11235,0.42260276729382507,0.216774900640562,0.3210706493558634,0.037770918298722,0.0017807644110275677
1316,0.5655782228514382,0.04218230292428799,0.3367126120147028,0.04587875720083146,0.009648105008739674
2852,0.5852620634826128,0.12278197155012181,0.256580873039929,0.03180080560134739,0.0035742863259891136
4388,0.10572077521833549,0.09370522164797714,0.7117663175375125,0.07511608889738015,0.013691596698794838
5924,0.021442455205613102,0.11385276113844235,0.5704110427162147,0.2775217247807942,0.016772016158935657
7460,0.4490640062188836,0.34368251703391467,0.13796745875202043,0.06668421146837483,0.002601806526806526
8996,0.014558530595875451,0.0020361599185128587,0.8528823394955826,0.11878387913412379,0.011739090855905207
10532,0.0070909349078853755,0.0447238684372417,0.83032572164782,0.09790445621562603,0.01995501879142679
609,0.002395256410256411,0.0017132601299629166,0.9092475117154775,0.061155641363910024,0.02548833038039323
2145,0.006159753169535778,0.008544162632783577,0.8476937633991615,0.13016098202484994,0.0074413387736694155
3681,0.28566989673129833,0.18772025826947403,0.46238469781792163,0.06064771785624523,0.0035774293250609027
5217,0.9322513188891614,0.04375637542502777,0.01258693992595998,0.010825062729547896,5.803030303030303E-4
6753,0.4704499564727099,0.30195418557200027,0.17412061325997552,0.052867753601502365,6.074910938118484E-4
8289,0.05746572916449548,0.01364988144148865,0.4542029321640888,0.383963750374133,0.09071770685579415
9825,0.5141074681905226,0.3300048344374766,0.12494465947332971,0.02963906511071673,0.001303972787954481
11361,0.03600822484696845,0.017911272912711194,0.763780446503984,0.164815114305264,0.017484941431072383
1254,0,2.9946524064171105E-4,0.9752346450226255,0.013650601540865517,0.010815288195867351
2790,0.2515733470092582,0.00807059783527595,0.656420616215912,0.06503235675348026,0.018903082186073658
4326,2.3333333333333325E-4,0.0025533822823350792,0.9709502524925097,0.021847699998347868,0.004415331893474046
5862,0.08119774450695501,0.1512226887127588,0.6491611260311613,0.0982006746830616,0.020217766066063268
7398,0.5511586727961466,0.12141191431547482,0.30760455291003563,0.018447479025961992,0.0013773809523809524
8934,0.3282772510462303,0.3134861453494835,0.28570040403995006,0.07212508845322503,4.1111111111111095E-4
10470,0.9734146614438985,0.005438584910484235,0.015611750495865799,0.004688849303597629,8.461538461538459E-4
551,0.4078273897962316,0.15811980791826002,0.39168314888249595,0.03893833247935416,0.003431320923658384
2087,0.41146710372231976,0.33229122079443124,0.17734738264756436,0.07608913913145973,0.0028051537042249105
3623,0.47995395784801725,0.2770705931253353,0.17451052917750387,0.06307731384228213,0.005387606006861625
5159,0.41557160321454867,0.22005194996107977,0.26560912149896904,0.0949958349186645,0.0037714904067380813
6695,0.0472739727936322,0.3417635073146044,0.43049907264779724,0.15728854884515145,0.023174898398814793
8231,0.03409403071129077,0.11718872276001781,0.5997691221929982,0.1875465064605158,0.061401617875177575
9767,0.5444052227545106,0.29858643409150015,0.12589819987621434,0.028802243257258713,0.002307900020516118
11303,0.2101736702489221,0.3456203005973122,0.3138146731480806,0.12209034567270886,0.008301010332976274
1384,0.7874253978256726,0.09906692682675663,0.07576968766795443,0.034367286703033156,0.00337070097658333
2920,0.2926861182210088,0.20097930092641583,0.3447229956492629,0.14945309491307293,0.012158490290239507
4456,0.462646166789194,0.14993218788136675,0.3401966470966403,0.04215669668570461,0.005068301547094115
5992,0.33314244278149346,0.16148460555053556,0.32861181616844254,0.17380462545184192,0.0029565100476865174
7528,0.3483480314632207,0.2395984738710062,0.3285934049331893,0.08121747445611473,0.002242615276469091
9064,0.6499310464108512,0.14121557998544138,0.1664180268491622,0.036824021884548176,0.0056113248699969625
10600,0.45471902609074005,0.43708948230586253,0.08111812816328844,0.026053313314795642,0.0010200501253132827
677,0.005990247710416451,4.422619047619046E-4,0.8871319520685739,0.09167044909480421,0.01476508922144355
2213,0.2877193206965395,0.2909404906595169,0.2411942570881981,0.1721243592683837,0.008021572287361757
3749,0.545892108233017,0.08670727399953815,0.3464176937457135,0.019225243106155733,0.0017576809155756517
5285,0.014469628402213532,0.10523107410868358,0.44568058614144773,0.3994174230745248,0.03520128827313036
6821,0.314789757593649,0.36055932317967204,0.28317270296982483,0.03972680100543878,0.0017514152514152518
8357,0.4875691764142141,0.28649461330379267,0.1766521390598455,0.04761981325788966,0.0016642579642579627
9893,0.17250821218828047,0.36554725107040764,0.26939226457284177,0.18630437509650172,0.006247897071968277
11429,0.27452932751630904,0.34375503391689155,0.2798589142642702,0.0999469434401168,0.0019097808624124392
1514,0.016301854001376032,0.05138305248249076,0.5558149953260625,0.3604358039236028,0.016064294266467834
3050,0.08627463014281903,0.3806456353209911,0.2873109081502695,0.22866717445683804,0.01710165192908226
4586,0.4781850170361707,0.1838088757944465,0.3032013570113099,0.030728869666015908,0.004075880492056961
6122,0.260458882368012,0.31344478953652827,0.26645322159257395,0.15451290337268261,0.0051302031302031285
7658,0.9220095866880181,0.017881600417418198,0.054518938382944006,0.004805350702095931,7.845238095238093E-4
9194,0.8488397323415898,0.03308428094380108,0.0972269580858591,0.01892402862875,0.0019250000000000011
10730,0.42624857598529015,0.19979209208846105,0.3305186765890792,0.04261790966179239,8.227456753772542E-4
811,0.37508927613295606,0.20437541079354257,0.3506658631081176,0.06820878957613274,0.0016606603892510465
2347,0.1717157067533122,0.11210439324954671,0.550849754064423,0.1411359637061495,0.024194182226568585
3883,4.983513552145601E-4,3.281733746130031E-4,0.962840857660778,0.0320195144797911,0.0043131031296034525
5419,0.3605064739891108,0.3495623473405195,0.20298930475321778,0.08274705812063333,0.004194815796518582
6955,0.4646414744582229,0.15032911933081197,0.34965963488322166,0.030099028182000283,0.005270743145743143
8491,0.4704446741280675,0.2179070762447116,0.28036623334628824,0.029894612018528402,0.0013874042624042616
10027,0.7935882208212223,0.021109766038615793,0.17002973665770166,0.014995220205403939,2.7705627705627687E-4
108,0.04047639659102505,0.27154916630783493,0.4429135842560147,0.23404153570715502,0.011019317137970388
1644,3.076923076923075E-4,5.104832104832102E-4,0.9578355437284732,0.02495269659116227,0.016393584162189005
3180,0.06681724969226464,0.32500033848038506,0.26858905656439896,0.3330456855228242,0.00654766974012704
4716,0.03425728623473092,0.035821798044738534,0.49159903716454256,0.4077614039969305,0.03056047455905756
6252,0.3431435515673904,0.2922431582961331,0.27991778657984123,0.08388483937001202,8.106641866232651E-4
7788,0.002093859649122808,0.02348909311435916,0.9161468612297932,0.04334052464949655,0.014929661357228275
9324,0.028920904747647146,0.13085961430148707,0.6051855239165148,0.16652790628554545,0.06850605074880552
10860,0.05373047175150789,0.0025160466591697753,0.5769375078297442,0.3086810152949066,0.05813495846467143
937,0.31209465674530895,0.24894334350347552,0.2723692985641548,0.16123279920542002,0.0053599019816405295
2473,0.8639265175174994,0.03106400827957949,0.07863888178921831,0.025763586614623746,6.070057990789693E-4
4009,0.6615474099626458,0.13995268551683596,0.18038153630462678,0.016896799588440446,0.00122156862745098
5545,0.6261583438891015,0.23891530676327774,0.07539652012485507,0.056658372171045475,0.002871457051720211
7081,0.6233031083211059,0.09939223603428629,0.24444428133663873,0.03070615907875383,0.00215421522921523
8617,0.004951836227068421,0.09585631173580028,0.42045953664227675,0.4651631541444682,0.013569161250386307
10153,0.7871134258503779,0.0174403936227116,0.18741969855248355,0.007036005783950695,9.904761904761898E-4
238,0.03667732475933703,0.08511214995321605,0.712262393722889,0.13535965391509294,0.030588477649464974
1774,0.3129432220040522,0.27121056517017117,0.32800222787645594,0.08180543484789142,0.006038550101429358
3310,6.999999999999997E-4,8.090111642743218E-4,0.9653141268826324,0.030074448819231603,0.0031024131338614953
4846,0.2829284958814167,0.2743196018551195,0.3152895543021086,0.11375463845380049,0.013707709507554698
6382,0.440669690424082,0.29432126946269505,0.19017889078995884,0.0715324017056215,0.0032977476176426213
7918,0.39710964592819636,0.1817944806368965,0.3085426151642508,0.10752997385240301,0.005023284418253456
9454,0.30320080556445306,0.3581926324309152,0.23014810155098728,0.10582885845090001,0.0026296020027444145
10990,0.6320095661086821,0.13911717102494645,0.1315174931404254,0.09510994724777076,0.002245822478175419
1071,0.6159706039821965,0.02162304513519414,0.3103895071036596,0.028472331933190206,0.02354451184575953
2607,0.43245688722250347,0.21710628909135754,0.2330047141838621,0.10608004845416333,0.011352061048113678
4143,3.6666666666666694E-4,1.922196796338674E-4,0.8317522470203457,0.11702986487621067,0.050659001757143135
5679,0.05990113477853411,0.2445072047374511,0.44132268571815947,0.23964837103464795,0.01462060373120744
7215,0.020353270820204456,0.013703036196689444,0.7681898998982838,0.10994374006924777,0.08781005301557443
8751,0.5433466815732051,0.334972110040425,0.09290052646938779,0.02827722630826344,5.034556087187666E-4
10287,0.3836590794193836,0.017724467712477324,0.44875661365064173,0.12950568209883218,0.020354157118665055
368,0.07611693546092861,0.15663810377502327,0.4220477739130943,0.3247089007734264,0.02048828607752755
1904,0.1883534873749338,0.3943319632647034,0.27171298957003603,0.14124750025337246,0.004354059536954272
3440,0.3084081654467491,0.1588903352753198,0.4116636171206782,0.11592067098005712,0.005117211177195693
4976,0.021942744098007255,0.06480274157883867,0.6116136274722763,0.2739842077937808,0.027656679057097008
6512,0.7745490743391661,0.033728489834076704,0.16522101079213203,0.02577415230735246,7.27272727272727E-4
8048,0.8967753286543122,0.06702399382630862,0.03179045543152566,0.004074557752189331,3.356643356643357E-4
9584,2.515045929680075E-5,0,0.9486821253314011,0.0466747074601324,0.004618016749169748
11120,0.8612899131213331,0.07595765686370888,0.05100771481014213,0.010549260659361282,0.0011954545454545458
1197,0.2670760975999466,0.4473967823989126,0.23991281947194862,0.044113777076037114,0.0015005234531550312
2733,0.0021298904863424005,1.505952380952381E-4,0.9850237842333386,0.011398830008471916,0.0012969000337518816
4269,0.06628606430549148,0.2503331810604255,0.4654307171157017,0.20816621783788966,0.009783819680491499
5805,0.8369492920129283,0.013917355144596242,0.13221524583768113,0.014568164463675294,0.0023499425411190114
7341,0.436676912386007,0.26341260617530715,0.25238738334311106,0.04579780117027791,0.001725296925296924
8877,0.7550046054499299,0.0185253445999536,0.19306802389659447,0.02209273052088673,0.011309295532635188
10413,0.3238817332052493,0.450565427417066,0.12619418609538416,0.09777293578342512,0.0015857174988753934
482,0.12880464631065472,0.1893439662832826,0.4217422197484316,0.23007689650814192,0.03003227114948923
2018,0.3153723656383797,0.2861264751695612,0.26863212254420216,0.12476135690369171,0.005107679744165138
3554,0.19997863176071334,0.08847618816096539,0.5632509915892593,0.1416710764606063,0.006623112028455668
5090,0.6939780142517052,0.019693478215696208,0.27470544306627953,0.009810690769162642,0.0018123736971563066
6626,0.5055013043574229,0.360983922517224,0.10123144792241562,0.02886594390002987,0.0034173813029076154
8162,0.6021467308862598,0.07316169703750136,0.3122296248761034,0.010099010137198317,0.0023629370629370625
9698,0.30601587747144476,0.2824523146331842,0.32385876875282055,0.08380805135256258,0.0038649877899877873
11234,4.3224637681159414E-4,2.678571428571428E-4,0.9926982961890116,0.0052482898762445124,0.001353310415075121
1315,0.48629802445544656,0.2249193607968153,0.2261313023827725,0.06014153346137861,0.0025097789035869516
2851,0.10759206406440042,0.023948847812305978,0.6310703902902488,0.21753043793068474,0.01985825990236019
4387,0.31596451738058906,0.292679349787009,0.29334188826644736,0.09672722436393436,0.0012870202020202014
5923,0.18093233437618655,0.027633497773296524,0.5856456404521229,0.18435232966153298,0.021436197736860955
7459,0.36097886184893346,0.23224860079867948,0.3127915290914643,0.09107825934317393,0.0029027489177489165
8995,0.4063904237307135,0.27308934674330726,0.26912051375460644,0.05011978479763369,0.0012799309737390224
10531,0.36740670508450063,0.3136177197583517,0.22145414415512246,0.09217583647500661,0.005345594527018672
612,0.3142601857945095,0.14800845539666366,0.4030851829238831,0.1287581925655428,0.005887983319400946
2148,0.5946886070575124,0.28777147964769495,0.08670671318512542,0.029373604150071356,0.0014595959595959593
3684,0.48108249703998457,0.16244855670234254,0.33358250581510435,0.017958014224823342,0.0049284262177451
5220,0.023481121913861838,0.021588233727505495,0.3736525575103171,0.5495241171707249,0.0317539696775906
6756,0.010035633582818901,0.005088463900816489,0.581055767074422,0.31835077895662567,0.08546935648531713
8292,0.5229368031432958,0.2556513152412386,0.1788751676993433,0.04208616446557284,4.5054945054945057E-4
9828,0.4365357640374165,0.15064726871182985,0.36008509059627636,0.04678593093353154,0.005945945720945717
11364,0.600320331146951,0.032788026000334924,0.3558474743507726,0.009785835168608032,0.0012583333333333327
1441,6.973147030073023E-4,0.0025599708409692304,0.915839960768034,0.050392860190838565,0.030509893497150862
2977,0.2872618927273053,0.24399059573000542,0.3106181635888529,0.14797719586615804,0.010152152087678397
4513,0.35358644252731003,0.2847008223954826,0.274931595856915,0.08412116410768564,0.0026599751126066915
6049,0.7856903446943934,0.021660283559911012,0.178099419530833,0.012932679165331452,0.001617273049531114
7585,0.9061490702029906,0.026282594758631227,0.06468191312695618,0.0027864219114219113,9.999999999999999E-5
9121,0.7446206181483225,0.13664867225922547,0.10310715543762855,0.014987987966625725,6.355661881977666E-4
10657,0.4529552948485834,0.3551463862243409,0.15033434088361206,0.04044677025125601,0.0011172077922077914
550,0,0,0.9830206277812104,0.014901857520310906,0.0020775146984787
2086,0.8423256029251405,0.10854420950095815,0.03778995057491828,0.01019175215049828,0.0011484848484848488
3622,0.31409374947249397,0.396215826569886,0.22624248721812826,0.06183661297553642,0.0016113237639553421
5158,0.8591104753431487,0.09301268582817901,0.03706899545085998,0.010202580219917682,6.052631578947369E-4
6694,0.34738793290079534,0.10613109045093272,0.3026071968281103,0.22646101769478588,0.017412762125375684
8230,0.6821769521257245,0.02221999727697779,0.270997387917544,0.01682714345216321,0.007778519227590437
9766,0.43893806324795187,0.15258051362323302,0.24780577032498163,0.13782571524569162,0.022849937558141867
11302,0.01603398567097987,0.046626098294232796,0.6944710900515555,0.22449443387277654,0.01837439211045518
1383,0.36900717902757074,0.40035701880757346,0.15705701561428917,0.07217521512199528,0.0014035714285714272
2919,0.12091943997626615,0.01950948918343587,0.6963385630131602,0.13056447908132482,0.032668028745812865
4455,0.23865161729070922,0.11015827967707872,0.43380083566665556,0.20317367375093817,0.01421559361461837
5991,0.09632347378865914,0.28702032633592905,0.33359529078631345,0.27355928109532274,0.009501627993775696
7527,0.050080282192942,0.14472865617907682,0.6150414527877266,0.17958726960570168,0.010562339234552855
9063,0.6277748157151853,0.018495185722181263,0.3409871447203448,0.00794398196253426,0.004798871879754232
10599,0.07776913306552563,0.2447400009134462,0.49491415866278465,0.1662819470445979,0.01629476031364575
680,0.3689406202157625,0.20581992159939197,0.28129504526153104,0.1328617891525701,0.011082623770744355
2216,0.6561117221825603,0.20347950556196612,0.12516423060861,0.01507787498019695,1.6666666666666655E-4
3752,0.2912571880404931,0.31203586082384027,0.2921640368556679,0.10220409316258698,0.002338821117411777
5288,0.590334132029355,0.15628930166202712,0.21214706669716016,0.03593880730582738,0.0052906923056303895
6824,0.01776248962296882,0.019607475680410182,0.5866349052421143,0.33837158547714513,0.037623543977361625
8360,0.3569508622270633,0.2541531882089934,0.26381069950651326,0.11653606567627978,0.008549184381150321
9896,0.41101839405975477,0.03336581340415315,0.4664765554296874,0.08073408027127946,0.008405156835125225
11432,0,1.1419172932330828E-4,0.946163061025492,0.04138334921611236,0.012339398029072288
1509,0.044210551728972765,0.24158496758995482,0.5113749100852781,0.1883100854988106,0.014519485096983739
3045,0.9110125165102766,0.04375432443933927,0.037832968030533674,0.00618870642601293,0.0012114845938375357
4581,0.4047411962814524,0.4131409040269798,0.13526433298024138,0.04391609234358888,0.0029374743677375243
6117,0.41090972901292944,0.202542091352658,0.19586878250449397,0.1844271032335845,0.006252293896334139
7653,0.9325063129016607,0.04465647419084753,0.017928571875321105,0.004171267294796706,7.373737373737373E-4
9189,0.026042155665560552,0.12784377177652526,0.4543006895758004,0.36373471049099676,0.028078672491116955
10725,0.015534730726789542,0.09271815485220719,0.6767329215292947,0.1875175534547564,0.027496639436952082
810,3.9692982456140344E-4,9.3E-4,0.9775531709292042,0.017289107311903033,0.003830791934331316
2346,0.015358170222473634,0.0196686907950849,0.38280063157529276,0.5697708563759372,0.012401651031211505
3882,0.2903256070331251,0.25362556811132764,0.3065316409566143,0.1430097176839288,0.00650746621500424
5418,0.01965532768744843,0.00666151023898702,0.9430122308540223,0.02053203162833617,0.010138899591206098
6954,0.23309627934396343,0.21255385936051754,0.45515033778898906,0.09255950085249129,0.006640022654038764
8490,0,7.809718231930093E-5,0.9920479236595606,0.007081755854794911,7.922233033251986E-4
10026,0.26019307519961404,0.15892122654191482,0.5081560010161339,0.06754489211807992,0.005184805124257455
107,0.41071458191602506,0.2543041861375516,0.2173370370751722,0.1153029261726294,0.002341268698621637
1643,0.28159178591125134,0.29787207458441717,0.31102310138490014,0.10433470616586726,0.00517833195356415
3179,0.043376958146772365,0.21658743959753937,0.36232738570936834,0.350290315413188,0.027417901133131965
4715,0.8611493441863961,0.09857236319154153,0.02649613280561477,0.01378215981644775,0.0
6251,0.5190558404842995,0.2665930554531395,0.17041029420148376,0.04335166958958399,5.891402714932124E-4
7787,0.04574414501480559,0.004402868089471633,0.5722247727179892,0.35454620474380244,0.023082009433931096
9323,0.44300054790030424,0.16660058284322582,0.18027073643780972,0.195645101952038,0.014483030866622188
10859,0.3380030461126312,0.3130344717593378,0.27289206860422455,0.07467353183951053,0.0013968816842958713
940,0.23479404169457083,0.12145825170987924,0.49383407404996577,0.1416675692472193,0.008246063298364895
2476,0.0027491596123175063,0.005570481235759198,0.9082075695650589,0.0554510479887229,0.0280217415981415
4012,0.08834986408365454,0.014137842498059211,0.5086375888927994,0.26802481111811693,0.1208498934073699
5548,0.46907019734730826,0.1933134554476837,0.300108516719194,0.03483756186554546,0.002670268620268619
7084,0.3350198108710789,0.298612739082242,0.2947603914277222,0.07037113547777049,0.0012359231411862989
8620,0,0.004417567209077687,0.9413451831590166,0.03681256168186287,0.017424687950042716
10156,0.4409031250980068,0.36176228297621804,0.15955587973034144,0.03538587447124594,0.002392837724187837
233,0.006775277740835015,0.00811748768295978,0.9410045760884406,0.035888134531792217,0.008214523955972353
1769,0.30113769783533995,0.2828401235248303,0.29721107492482535,0.11346530907277019,0.005345794642234272
3305,0.501267780896431,0.19147109732538614,0.2925507067957652,0.014492767923594092,2.176470588235294E-4
4841,0.573489555986333,0.2630258653449199,0.1350271604333878,0.02692539119806922,0.0015320270372901955
6377,0.8580106688281918,0.0296348804943963,0.0905895437842273,0.020019053712548793,0.0017458531806357892
7913,0.7198570495984168,0.10581720860258116,0.13627159866577937,0.03639931658721967,0.0016548265460030155
9449,0.002141005923900661,0.01648337254420846,0.9129637529343722,0.03405103701424133,0.0343608315832774
10985,0.28217319103250865,0.33944820706734746,0.2369735301472319,0.13916596641380674,0.002239105339105338
1070,0.4561304160330743,0.3693999610908675,0.13211765432173686,0.04021547759430108,0.0021364909600203705
2606,0.09072387719483108,0.3800142000233731,0.29600344301262954,0.22283998764038002,0.010418492128786237
4142,0.42360487454764884,0.1907272632103468,0.33618248395873607,0.04180418509565092,0.007681193187617332
5678,0.4188902339544719,0.23519238385617885,0.23829599833431658,0.1053763259559424,0.0022450578990901556
7214,0.05007072523279951,0.09187349830431611,0.4559112690501326,0.37072127048992326,0.03142323692282841
8750,0.3098081382148532,0.3470281108524447,0.20935972489823776,0.13134774808468783,0.0024562779497764014
10286,0.5268098447476525,0.26785198558669293,0.15946699848002566,0.0417660457297295,0.004105125455899447
367,0.4869323619215915,0.08964103135986973,0.3887038598919219,0.029646448125318078,0.0050762987012987005
1903,0.04436862386252438,0.08869362398269265,0.4491985946518051,0.3878971683739494,0.029841989129028447
3439,0.3419317263808115,0.3387263913810127,0.22241109379567645,0.09307508140443942,0.0038557070380599774
4975,0.3115727131623343,0.14442654607612146,0.49319058365074114,0.0400769803030908,0.010733176807712406
6511,0.7128799842866866,0.05794887137491865,0.2110721507793954,0.017116001538630087,9.829920203693627E-4
8047,0.8034441688032846,0.11249413291581961,0.06304851025150106,0.01816958005100419,0.002843607978390587
9583,0.9340588508087894,0.026190635904722582,0.0376896410506158,0.0013108722358722352,7.499999999999997E-4
11119,0.8787979754914408,0.0837221899359671,0.027075964483273148,0.007200674600597203,0.0032031954887218068
1200,0.6564424914733896,0.15489105398305084,0.12551017320692762,0.058319137194224664,0.0048371441424073
2736,0.24484340464718587,0.3384823901760307,0.29271269534666944,0.11810006721094819,0.005861442619165729
4272,0.3470485655108565,0.4215253744758851,0.14220776187692605,0.08741957003265055,0.0017987281036816632
5808,0.42282318644473044,0.22825308358749138,0.29197979363272947,0.054701512092624555,0.0022424242424242415
7344,0.0027491596123175063,0.005570481235759198,0.9082075695650589,0.0554510479887229,0.0280217415981415
8880,0.3080117068145423,0.10628439922948016,0.5181553567638955,0.06453669430500703,0.003011842887075085
10416,0.38938001208850076,0.09068855636948427,0.4981064409439291,0.021135914967833794,6.890756302521007E-4
493,0.4697023400578277,0.37656079032288187,0.12466527275509373,0.02599842383839219,0.0030731730258046035
2029,0.04073456691384474,0.16629488088563008,0.5457197050746174,0.2384191425216024,0.00883170460430522
3565,0.3037995364701496,0.31094901169505695,0.28912331953447973,0.08971424335898025,0.0064138889413334135
5101,0.32040144873054965,0.23434123066076198,0.3445695986639659,0.09727136210573101,0.003416359838991418
6637,0.0043476547961842065,0.0028135549435085033,0.8693125920764263,0.10925603911970411,0.014270159064176852
8173,0.25455236087718397,0.1826143807341311,0.2949806235948582,0.2504382485780473,0.017414386215779388
9709,0.40674693755456853,0.18509642529247464,0.3210754503178715,0.08253233902974672,0.004548847805338676
11245,0.6210693077388155,0.1872959014193344,0.17053797778218885,0.020914994877843172,1.8181818181818186E-4
1314,0.04975496810105319,0.059248993255981736,0.4808950997604863,0.3916976054077992,0.018403333474679536
2850,0.5981712251175476,0.05250401203506268,0.3016536790395567,0.04060770943710576,0.007063374370727321
4386,2.6866585067319458E-5,0,0.9854589373550801,0.012587480191651767,0.0019267158682008659
5922,0.003480398592805804,0.005872369864397728,0.8494853161916932,0.0916169000840149,0.04954501526708834
7458,0.5984861526058314,0.16139496134924647,0.20267569766173316,0.03419772911249764,0.003245459270691469
8994,0.0175929255153545,0.04258821725437766,0.7937591666187342,0.10861582637538242,0.03744386423615118
10530,0.7536745171837331,0.051805074001667714,0.18715139449558488,0.00723568098568098,1.333333333333332E-4
611,0.4884827840886026,0.1375275407079722,0.35343652269717674,0.019157148510244477,0.0013960039960039961
2147,0.4043098018238123,0.328622276761467,0.19897997954354676,0.06398858205486348,0.004099359816310278
3683,0.4953951524788032,0.31880383704500875,0.13948267241752496,0.04368814819348874,0.002630189865174385
5219,0.5950741943213304,0.24704886390183597,0.13580423953067933,0.02168312536276931,3.895768833849326E-4
6755,0.30098860829513296,0.15186023992050146,0.41627108777130095,0.11413055226414391,0.016749511748920715
8291,0.3561607550717346,0.016390455304928983,0.38453377369267366,0.20562871104283892,0.037286304887823966
9827,0.7245402864384085,0.0997109562608015,0.1518449847059957,0.02340181181048054,5.019607843137255E-4
11363,0.0695942665407654,0.04948237928652011,0.41224554250304657,0.43450597613115105,0.03417183553851696
1444,0.00960083615193768,0.007797069651232401,0.7366348335878208,0.2390513293084332,0.006915931300575944
2980,0.8504461648089726,0.11000350165307658,0.030497667495536434,0.0083859993757477,6.666666666666666E-4
4516,0.7250939061803362,0.008224673511902612,0.23760929853623167,0.01827387081368101,0.01079825095784848
6052,0.7239896781324529,0.026332720180376867,0.2399588131743414,0.008565858109898355,0.0011529304029304027
7588,0.7396168030414456,0.09935136782990871,0.13607694045225754,0.020328445563257608,0.0046264431131304165
9124,0.06594790150653149,0.012376173826173818,0.5341629879732517,0.2753659430338218,0.11214699366022131
10660,1.6666666666666658E-4,0.006377545627813571,0.9116818154236374,0.067719877918902,0.014054094362980392
737,0.07647148605608356,0.25464996409893226,0.37315580187611735,0.2712449574741877,0.02447779049467902
2273,0.523416345256051,0.32915448660909713,0.09521283705077624,0.05068357495131959,0.0015327561327561328
3809,0.2084494816574311,0.4849596786728428,0.24255444432272702,0.05855035627427268,0.005486039072726378
5345,0.2682212335982607,0.20888080901331527,0.22908637144412486,0.27235528089043426,0.02145630505386499
6881,5.740740740740742E-4,2.5E-4,0.9798450442599507,0.009408051272657947,0.00992283039331732
8417,0.7032586818601033,0.028279872994957444,0.21232143938403247,0.04695819661717818,0.009181809143728646
9953,0.6088724456129714,0.11749187424905153,0.25297714999721854,0.01774448862671705,0.002914041514041514
230,0.002648326956467352,1.176470588235294E-4,0.9583773050071992,0.03224135211959168,0.006615368857918274
1766,0.7649534465164418,0.10708074950635683,0.11236838702404342,0.015262122835510908,3.3529411764705885E-4
3302,0.199861790107336,0.16024850187556308,0.41230947875821544,0.1924572655233806,0.03512296373550483
4838,0.45037844409280803,0.27070285239707065,0.1827441450035299,0.09255399235104078,0.0036205661555506726
6374,0.62943405779224,0.2797507142141446,0.07708817517027773,0.012368322664607486,0.001358730158730158
7910,0.47821685994988655,0.1600278834389159,0.2579694556800775,0.10064527900035036,0.0031405219307696075
9446,0.34339842905499113,0.36338728937273446,0.23378412381212474,0.05825281154255569,0.0011773462175938955
10982,0.7803142414759567,0.13666452124287978,0.06923014077316361,0.01367344944917633,1.1764705882352946E-4
1063,0.3226592167884625,0.25043740882168936,0.3127557430061157,0.11099456223066335,0.003153069153069153
2599,0.31805431042891746,0.3234878916782812,0.25769583283171865,0.09881373273785049,0.0019482323232323227
4135,0.42862314218049785,0.21316474231828902,0.2969526673016856,0.05976650421540708,0.0014929439841204547
5671,0.5071523893953803,0.36761504440423654,0.1101560559059633,0.013789177572102592,0.001287332722317242
7207,0.3976939426720209,0.3247518429344395,0.16893478969670064,0.10597922124703794,0.0026402034498009723
8743,0.32068388333558984,0.4171864048902434,0.21558769769729788,0.04356190203205094,0.0029801120448179263
10279,0.2112017339245234,0.13747326936968238,0.378490503167438,0.2612167330394812,0.011617760498875033
360,0.43037763701263865,0.04455273227267983,0.5116845674493249,0.012463046685445397,9.22016579911317E-4
1896,0.2768665547973363,0.019474345316743344,0.5752070799364108,0.09271093391510002,0.03574108603440948
3432,0.5235130326855917,0.05108028496924059,0.344173524297845,0.057712007279242486,0.023521150768080402
4968,0.6551350997213999,0.06429907353854722,0.2694501577083622,0.010276528760197492,8.391402714932128E-4
6504,0.34616147747341675,0.4227482164758014,0.2008097454521098,0.028637494514429478,0.0016430660842425542
8040,0.3150953237000826,0.2522722232697627,0.29708507310738974,0.13037550878564613,0.00517187113711881
9576,0.0012611111111111109,0.0015599251625567413,0.9319376218073977,0.0485777150486033,0.016663626870331197
11112,0.007763250339170716,0.049601708902131336,0.4284806046244148,0.4914775379994694,0.022676898134813727
1189,0.3478397762140097,0.3678361520332788,0.1656432687999823,0.11589593781786406,0.0027848651348651326
